
1638300603 658.5
1638300603 658.5
1638300603 656.6
1638300603 643.5
1638300603 643.5
1638300603 640.1
1638300603 628.9
1638300603 628.9
1638300603 625.3
1638300604 613.6
1638300604 612.1
1638300604 609.1
1638300604 598.0
1638300604 597.2
1638300604 594.6
1638300604 581.6
1638300604 580.6
1638300605 577.1
1638300605 564.8
1638300605 563.7
1638300605 561.2
1638300605 545.8
1638300605 545.5
1638300605 544.0
1638300605 527.0
1638300605 527.0
1638300606 526.4
1638300606 510.4
1638300606 510.4
1638300606 509.8
1638300606 495.3
1638300606 493.0
1638300606 493.0
1638300607 478.4
1638300607 477.0
1638300607 477.0
1638300607 457.2
1638300607 457.2
1638300607 457.2
1638300607 441.5
1638300607 441.5
1638300607 441.5
1638300608 426.1
1638300608 425.7
1638300608 425.7
1638300608 405.9
1638300608 405.9
1638300608 405.9
1638300608 387.4
1638300608 387.0
1638300608 387.0
1638300609 371.4
1638300609 371.1
1638300609 371.1
1638300609 353.1
1638300609 353.6
1638300609 353.6
1638300609 334.7
1638300609 334.7
1638300609 334.7
1638300610 316.9
1638300610 316.9
1638300610 316.9
1638300610 300.1
1638300610 300.1
1638300610 300.1
1638300610 282.6
1638300610 282.6
1638300610 282.6
1638300611 263.8
1638300611 263.8
1638300611 263.8
1638300611 244.5
1638300611 244.5
1638300611 244.5
1638300612 224.1
1638300612 223.8
1638300612 223.8
1638300612 204.9
1638300612 204.9
1638300612 204.6
1638300612 186.4
1638300612 186.4
1638300612 186.5
1638300613 168.6
1638300613 168.6
1638300613 168.6
1638300613 150.0
1638300613 150.0
1638300613 150.0
1638300613 130.3
1638300613 130.3
1638300613 130.3
1638300614 111.3
1638300614 111.3
1638300614 111.1
1638300614 92.6
1638300614 92.6
1638300614 90.7
1638300614 73.2
1638300614 73.2
1638300614 71.3
1638300615 67.5
1638300615 67.5
1638300615 67.5
1638300615 56.3
1638300615 56.3
1638300615 56.3
1638300617 52.1
1638300617 52.1
1638300617 52.1
1638300619 62.4
1638300619 62.4
1638300619 62.4
1638300621 63.3
1638300621 63.3
1638300621 63.3
1638300623 66.2
1638300623 66.2
1638300623 66.2
1638300625 56.1
1638300625 56.1
1638300625 56.1
1638300626 67.0
1638300626 67.0
1638300626 67.0
1638300628 56.3
1638300628 56.3
1638300628 56.3
1638300628 61.9
1638300628 61.9
1638300628 61.9
1638300629 47.8
1638300629 47.8
1638300629 47.8
1638300629 57.4
1638300629 57.4
1638300629 57.4
1638300630 62.4
1638300630 62.4
1638300630 62.4
1638300630 64.1
1638300630 64.1
1638300630 64.1
1638300631 57.6
1638300631 57.6
1638300631 57.6
1638300631 60.6
1638300631 60.6
1638300631 60.6
1638300631 61.7
1638300631 61.7
1638300631 61.7
1638300632 57.2
1638300632 57.2
1638300632 57.2
1638300634 270.6
1638300634 270.6
1638300634 270.6
1638300635 255.2
1638300635 255.2
1638300635 254.7
1638300635 244.3
1638300635 244.1
1638300635 244.1
1638300636 229.7
1638300636 229.7
1638300636 229.7
1638300636 214.1
1638300636 214.1
1638300636 214.1
1638300636 199.7
1638300636 199.7
1638300636 199.7
1638300636 184.3
1638300636 184.3
1638300636 184.3
1638300637 169.5
1638300637 168.6
1638300637 168.6
1638300637 153.6
1638300637 153.6
1638300637 153.6
1638300637 141.9
1638300637 141.9
1638300637 141.9
1638300638 126.6
1638300638 126.6
1638300638 126.6
1638300638 112.4
1638300638 112.4
1638300638 112.4
1638300638 99.4
1638300638 99.4
1638300638 99.4
1638300638 84.7
1638300638 84.2
1638300638 84.2
1638300639 70.7
1638300639 70.6
1638300639 70.6
1638300639 55.9
1638300639 56.2
1638300639 56.2
1638300639 59.1
1638300639 59.1
1638300639 59.1
1638300640 61.3
1638300640 61.3
1638300640 61.3
1638300640 58.5
1638300640 58.5
1638300640 58.5
1638300643 55.4
1638300643 55.4
1638300643 55.4
1638300644 58.3
1638300644 58.3
1638300644 58.3
1638300646 57.8
1638300646 57.8
1638300646 57.8
1638300649 669.0
1638300649 669.0
1638300649 669.0
1638300649 668.0
1638300649 668.0
1638300649 668.0
1638300650 668.9
1638300650 668.9
1638300650 668.9
1638300650 668.9
1638300650 668.9
1638300650 668.9
1638300650 668.9
1638300650 668.9
1638300650 668.9
1638300651 668.9
1638300651 668.9
1638300651 668.9
1638300651 667.4
1638300651 667.4
1638300651 667.4
1638300651 661.6
1638300651 662.7
1638300651 662.7
1638300651 662.5
1638300651 662.5
1638300651 662.5
1638300652 662.5
1638300652 662.5
1638300652 662.5
1638300652 662.5
1638300652 662.5
1638300652 662.5
1638300652 662.3
1638300652 662.3
1638300652 662.3
1638300652 662.3
1638300652 662.3
1638300652 662.3
1638300653 661.5
1638300653 662.3
1638300653 662.3
1638300653 662.3
1638300653 662.3
1638300653 662.3
1638300653 661.4
1638300653 662.7
1638300653 662.7
1638300654 662.3
1638300654 662.3
1638300654 662.3
1638300654 662.2
1638300654 662.2
1638300654 662.2
1638300654 662.2
1638300654 662.2
1638300654 662.2
1638300654 661.4
1638300654 662.7
1638300654 662.7
1638300655 661.4
1638300655 662.8
1638300655 662.8
1638300655 662.2
1638300655 662.2
1638300655 662.2
1638300655 662.2
1638300655 662.2
1638300655 662.2
1638300655 661.3
1638300655 661.3
1638300655 661.3
1638300656 662.2
1638300656 662.2
1638300656 662.2
1638300656 662.2
1638300656 662.2
1638300656 662.2
1638300656 662.2
1638300656 662.2
1638300656 662.2
1638300657 662.2
1638300657 662.2
1638300657 662.2
1638300657 662.2
1638300657 662.2
1638300657 662.2
1638300657 662.2
1638300657 662.2
1638300657 662.2
1638300657 661.7
1638300657 661.7
1638300657 661.7
1638300658 662.2
1638300658 662.2
1638300658 662.2
1638300658 661.3
1638300658 661.3
1638300658 661.3
1638300658 661.4
1638300658 662.7
1638300658 662.7
1638300659 662.2
1638300659 662.2
1638300659 662.2
1638300659 662.2
1638300659 662.2
1638300659 662.2
1638300659 661.3
1638300659 662.7
1638300659 662.7
1638300659 662.2
1638300659 662.2
1638300659 662.2
1638300660 662.1
1638300660 662.1
1638300660 662.1
1638300660 662.0
1638300660 662.0
1638300660 662.0
1638300660 662.1
1638300660 662.1
1638300660 662.1
1638300661 661.0
1638300661 661.0
1638300661 661.0
1638300661 661.9
1638300661 661.9
1638300661 661.9
1638300661 661.9
1638300661 661.9
1638300661 661.9
1638300662 661.9
1638300662 661.9
1638300662 661.9
1638300662 661.9
1638300662 661.9
1638300662 661.9
1638300662 661.8
1638300662 661.8
1638300662 661.8
1638300662 661.8
1638300662 661.8
1638300662 661.8
1638300663 661.4
1638300663 661.4
1638300663 661.4
1638300663 661.9
1638300663 661.9
1638300663 661.9
1638300663 660.9
1638300663 660.9
1638300663 660.9
1638300663 661.0
1638300663 662.3
1638300663 662.3
