
1638300603 737.7
1638300603 737.7
1638300603 737.7
1638300603 737.7
1638300603 737.7
1638300603 737.7
1638300603 737.7
1638300603 737.7
1638300603 737.7
1638300604 737.7
1638300604 737.7
1638300604 737.7
1638300604 737.7
1638300604 737.7
1638300604 737.7
1638300604 737.7
1638300605 737.7
1638300605 737.7
1638300605 737.7
1638300605 737.7
1638300605 737.7
1638300605 737.7
1638300605 737.7
1638300605 737.7
1638300605 737.7
1638300606 737.7
1638300606 737.7
1638300606 737.7
1638300606 737.7
1638300606 737.7
1638300606 737.7
1638300606 737.7
1638300607 737.7
1638300607 737.7
1638300607 737.7
1638300607 737.7
1638300607 737.7
1638300607 737.7
1638300607 737.7
1638300607 737.7
1638300607 737.7
1638300608 737.7
1638300608 737.7
1638300608 737.7
1638300608 737.7
1638300608 737.7
1638300608 737.7
1638300608 737.7
1638300608 737.7
1638300608 737.7
1638300609 737.7
1638300609 737.7
1638300609 737.7
1638300609 737.7
1638300609 737.7
1638300609 737.7
1638300609 737.7
1638300609 737.7
1638300609 737.7
1638300610 737.7
1638300610 737.7
1638300610 737.7
1638300610 737.7
1638300610 737.7
1638300610 737.7
1638300610 737.7
1638300610 737.7
1638300610 737.7
1638300611 737.7
1638300611 737.7
1638300611 737.7
1638300611 737.7
1638300611 737.7
1638300611 737.7
1638300612 737.7
1638300612 737.7
1638300612 737.7
1638300612 737.7
1638300612 737.7
1638300612 737.7
1638300612 737.7
1638300612 737.7
1638300612 737.7
1638300613 737.7
1638300613 737.7
1638300613 737.7
1638300613 737.7
1638300613 737.7
1638300613 737.7
1638300613 737.7
1638300613 737.7
1638300613 737.7
1638300614 737.7
1638300614 737.7
1638300614 737.7
1638300614 737.7
1638300614 737.7
1638300614 737.7
1638300614 737.7
1638300614 737.7
1638300614 737.7
1638300615 737.2
1638300615 737.2
1638300615 737.2
1638300615 712.5
1638300615 712.5
1638300615 712.5
1638300617 621.7
1638300617 621.7
1638300617 621.7
1638300619 536.0
1638300619 536.0
1638300619 536.0
1638300621 426.7
1638300621 426.7
1638300621 426.7
1638300623 356.2
1638300623 356.2
1638300623 356.2
1638300625 306.7
1638300625 306.7
1638300625 306.7
1638300626 208.5
1638300626 208.5
1638300626 208.5
1638300628 167.2
1638300628 167.2
1638300628 167.2
1638300628 139.8
1638300628 139.8
1638300628 139.8
1638300629 136.0
1638300629 136.0
1638300629 136.0
1638300629 119.5
1638300629 119.5
1638300629 119.5
1638300630 91.9
1638300630 91.9
1638300630 91.9
1638300630 69.7
1638300630 69.7
1638300630 69.7
1638300631 58.1
1638300631 58.1
1638300631 58.1
1638300631 33.0
1638300631 33.0
1638300631 33.0
1638300631 13.8
1638300631 13.8
1638300631 13.8
1638300632 0.0
1638300632 0.0
1638300632 0.0
1638300634 364.9
1638300634 364.9
1638300634 364.9
1638300635 364.9
1638300635 364.9
1638300635 364.9
1638300635 364.9
1638300635 364.9
1638300635 364.9
1638300636 364.9
1638300636 364.9
1638300636 364.9
1638300636 364.9
1638300636 364.9
1638300636 364.9
1638300636 364.9
1638300636 364.9
1638300636 364.9
1638300636 364.9
1638300636 364.9
1638300636 364.9
1638300637 364.9
1638300637 364.9
1638300637 364.9
1638300637 364.9
1638300637 364.9
1638300637 364.9
1638300637 364.9
1638300637 364.9
1638300637 364.9
1638300638 364.9
1638300638 364.9
1638300638 364.9
1638300638 364.9
1638300638 364.9
1638300638 364.9
1638300638 364.9
1638300638 364.9
1638300638 364.9
1638300638 364.9
1638300638 364.9
1638300638 364.9
1638300639 364.9
1638300639 364.9
1638300639 364.9
1638300639 364.9
1638300639 364.9
1638300639 364.9
1638300639 359.9
1638300639 359.9
1638300639 359.9
1638300640 354.2
1638300640 354.2
1638300640 354.2
1638300640 274.4
1638300640 274.4
1638300640 274.4
1638300643 172.8
1638300643 172.8
1638300643 172.8
1638300644 87.2
1638300644 87.2
1638300644 87.2
1638300646 17.4
1638300646 17.4
1638300646 17.4
1638300649 736.3
1638300649 736.3
1638300649 736.3
1638300649 736.3
1638300649 736.3
1638300649 736.3
1638300650 736.3
1638300650 736.3
1638300650 736.3
1638300650 736.3
1638300650 736.3
1638300650 736.3
1638300650 736.3
1638300650 736.3
1638300650 736.3
1638300651 736.3
1638300651 736.3
1638300651 736.3
1638300651 736.6
1638300651 736.6
1638300651 736.6
1638300651 737.1
1638300651 737.1
1638300651 737.1
1638300651 737.1
1638300651 737.1
1638300651 737.1
1638300652 737.1
1638300652 737.1
1638300652 737.1
1638300652 737.1
1638300652 737.1
1638300652 737.1
1638300652 737.1
1638300652 737.1
1638300652 737.1
1638300652 737.1
1638300652 737.1
1638300652 737.1
1638300653 737.1
1638300653 737.1
1638300653 737.1
1638300653 737.1
1638300653 737.1
1638300653 737.1
1638300653 737.1
1638300653 737.1
1638300653 737.1
1638300654 737.1
1638300654 737.1
1638300654 737.1
1638300654 737.1
1638300654 737.1
1638300654 737.1
1638300654 737.1
1638300654 737.1
1638300654 737.1
1638300654 737.1
1638300654 737.1
1638300654 737.1
1638300655 737.1
1638300655 737.1
1638300655 737.1
1638300655 737.1
1638300655 737.1
1638300655 737.1
1638300655 737.1
1638300655 737.1
1638300655 737.1
1638300655 737.1
1638300655 737.1
1638300655 737.1
1638300656 737.1
1638300656 737.1
1638300656 737.1
1638300656 737.1
1638300656 737.1
1638300656 737.1
1638300656 737.1
1638300656 737.1
1638300656 737.1
1638300657 737.1
1638300657 737.1
1638300657 737.1
1638300657 737.1
1638300657 737.1
1638300657 737.1
1638300657 737.1
1638300657 737.1
1638300657 737.1
1638300657 737.1
1638300657 737.1
1638300657 737.1
1638300658 737.1
1638300658 737.1
1638300658 737.1
1638300658 737.1
1638300658 737.1
1638300658 737.1
1638300658 737.1
1638300658 737.1
1638300658 737.1
1638300659 737.1
1638300659 737.1
1638300659 737.1
1638300659 737.1
1638300659 737.1
1638300659 737.1
1638300659 737.1
1638300659 737.1
1638300659 737.1
1638300659 737.1
1638300659 737.1
1638300659 737.1
1638300660 737.1
1638300660 737.1
1638300660 737.1
1638300660 737.1
1638300660 737.1
1638300660 737.1
1638300660 737.1
1638300660 737.1
1638300660 737.1
1638300661 737.1
1638300661 737.1
1638300661 737.1
1638300661 737.1
1638300661 737.1
1638300661 737.1
1638300661 737.1
1638300661 737.1
1638300661 737.1
1638300662 737.1
1638300662 737.1
1638300662 737.1
1638300662 737.1
1638300662 737.1
1638300662 737.1
1638300662 737.1
1638300662 737.1
1638300662 737.1
1638300662 737.1
1638300662 737.1
1638300662 737.1
1638300663 737.1
1638300663 737.1
1638300663 737.1
1638300663 737.1
1638300663 737.1
1638300663 737.1
1638300663 737.1
1638300663 737.1
1638300663 737.1
1638300663 737.1
1638300663 737.1
1638300663 737.1
